[0][0]
Jonah 1 2
[1][0]
Micah 4 1
[2][0]

[3][0]
Micah 7 6
[4][0]
Na 2 4
[5][0]
Isa 60 8
[0][1]
Amo 9 3
[1][1]
Pro 14 26 - 27
[2][1]
1Sam 12 24
[3][1]
1Pet 1 8 - 9
[4][1]
Gal 5 22 - 23
[5][1]
Isa 2 7
[0][2]
Amo 7 1
[1][2]
Jer 29 11
[2][2]
Psalm 1
[3][2]
Psalm 23
[4][2]
Eph 2 8 - 10
[5][2]
Psalm 32
[0][3]
Amo 2 15
[1][3]
2Sam 2 18
[2][3]

[3][3]

[4][3]
Amo 1 1
[5][3]
Joel 2 30
[0][4]
2Cor 5 1
[1][4]
Psa 139 13
[2][4]
Ezr 7 10
[3][4]

[4][4]
Hos 6 2
[5][4]
Joel 2 3
[0][5]
Philip 4 8
[1][5]

[2][5]

[3][5]

[4][5]
Eph 4 16
[5][5]
Psalm 101 3
[0][6]
Eph 3 18
[1][6]
Matt 7 21
[2][6]

[3][6]
1Cor 6 9 - 10
[4][6]
Eze 3 20
[5][6]
1Peter 4 18
[0][7]
1Pet 1 8 - 9
[1][7]
Psalm 145 8
[2][7]
1Cor 3 4 - 8
[3][7]
Psalm 150
[4][7]

[5][7]
Rom 2 7 - 8
[0][8]
Genesis 1 1
[1][8]
Joh 3 16
[2][8]
Gen 1 1
[3][8]
Psal 120 1 - 4
[4][8]
Psal 121 1 - 4
[5][8]
Heb 12 14
